159
546
1
0.0
NaN
----
56
719
1
0.0
NaN
----
93
21
1
0.0
NaN
----
211
773
1
0.0
NaN
----
48
748
0
NaN
NaN
----
188
94
1
0.0
NaN
----
62
461
1
0.0
NaN
----
50
6
1
0.0
NaN
----
153
0
1
0.0
NaN
----
146
265
1
0.0
NaN
213
592
1
0.8275859
-0.4612374
----
171
673
1
0.9235154
-0.60444355
----
53
24
1
0.9758722
-0.8287369
----
80
737
1
0.99530977
-1.16989
----
132
277
0
4.5387624E-4
-0.21720283
----
89
546
1
0.99929863
-1.578134
----
75
294
0
0.041689306
-0.22180331
----
226
682
0
4.2208885E-5
-0.21710655
----
97
79
1
0.99993527
-2.0945807
----
69
657
0
0.040720366
-0.22169207
----
159
546
1
0.0
NaN
----
56
719
1
0.0
NaN
----
93
21
1
0.0
NaN
----
211
773
1
0.0
NaN
----
48
748
0
NaN
NaN
----
188
94
1
0.0
NaN
----
62
461
1
0.0
NaN
----
50
6
1
0.0
NaN
----
153
0
1
0.0
NaN
----
146
265
1
0.0
NaN
19
388
0
0.0
NaN
----
21
48
0
0.0
NaN
----
201
443
0
0.0
NaN
----
129
359
1
NaN
NaN
----
156
726
0
0.0
NaN
----
77
594
1
NaN
NaN
----
179
660
0
0.0
NaN
----
38
623
0
NaN
NaN
----
63
773
1
NaN
NaN
----
182
388
1
NaN
NaN
----
213
592
1
0.8275859
-0.4612374
----
171
673
1
0.9235154
-0.60444355
----
53
24
1
0.9758722
-0.8287369
----
80
737
1
0.99530977
-1.16989
----
132
277
0
4.5387624E-4
-0.21720283
----
89
546
1
0.99929863
-1.578134
----
75
294
0
0.041689306
-0.22180331
----
226
682
0
4.2208885E-5
-0.21710655
----
97
79
1
0.99993527
-2.0945807
----
69
657
0
0.040720366
-0.22169207
----
159
546
1
0.0
NaN
----
56
719
1
0.0
NaN
----
93
21
1
0.0
NaN
----
211
773
1
0.0
NaN
----
48
748
0
NaN
NaN
----
188
94
1
0.0
NaN
----
62
461
1
0.0
NaN
----
50
6
1
0.0
NaN
----
153
0
1
0.0
NaN
----
146
265
1
0.0
NaN
158
421
0
0.0
NaN
----
24
405
1
NaN
NaN
----
149
590
0
0.0
NaN
----
35
64
0
0.0
NaN
----
182
177
0
0.0
NaN
----
227
416
1
NaN
NaN
----
58
514
0
NaN
NaN
----
75
607
1
NaN
NaN
----
197
769
0
0.0
NaN
----
75
33
1
NaN
NaN
----
19
388
0
0.0
NaN
----
21
48
0
0.0
NaN
----
201
443
0
0.0
NaN
----
129
359
1
NaN
NaN
----
156
726
0
0.0
NaN
----
77
594
1
NaN
NaN
----
179
660
0
0.0
NaN
----
38
623
0
NaN
NaN
----
63
773
1
NaN
NaN
----
182
388
1
NaN
NaN
----
213
592
1
0.8275859
-0.4612374
----
171
673
1
0.9235154
-0.60444355
----
53
24
1
0.9758722
-0.8287369
----
80
737
1
0.99530977
-1.16989
----
132
277
0
4.5387624E-4
-0.21720283
----
89
546
1
0.99929863
-1.578134
----
75
294
0
0.041689306
-0.22180331
----
226
682
0
4.2208885E-5
-0.21710655
----
97
79
1
0.99993527
-2.0945807
----
69
657
0
0.040720366
-0.22169207
----
159
546
1
0.0
NaN
----
56
719
1
0.0
NaN
----
93
21
1
0.0
NaN
----
211
773
1
0.0
NaN
----
48
748
0
NaN
NaN
----
188
94
1
0.0
NaN
----
62
461
1
0.0
NaN
----
50
6
1
0.0
NaN
----
153
0
1
0.0
NaN
----
146
265
1
0.0
NaN
197
86
0
0.0
NaN
----
101
233
0
NaN
NaN
----
59
431
1
NaN
NaN
----
36
174
1
NaN
NaN
----
152
736
1
NaN
NaN
----
234
228
1
NaN
NaN
----
136
488
1
NaN
NaN
----
193
248
1
NaN
NaN
----
82
652
0
NaN
NaN
----
50
19
1
NaN
NaN
----
158
421
0
0.0
NaN
----
24
405
1
NaN
NaN
----
149
590
0
0.0
NaN
----
35
64
0
0.0
NaN
----
182
177
0
0.0
NaN
----
227
416
1
NaN
NaN
----
58
514
0
NaN
NaN
----
75
607
1
NaN
NaN
----
197
769
0
0.0
NaN
----
75
33
1
NaN
NaN
----
19
388
0
0.0
NaN
----
21
48
0
0.0
NaN
----
201
443
0
0.0
NaN
----
129
359
1
NaN
NaN
----
156
726
0
0.0
NaN
----
77
594
1
NaN
NaN
----
179
660
0
0.0
NaN
----
38
623
0
NaN
NaN
----
63
773
1
NaN
NaN
----
182
388
1
NaN
NaN
----
213
592
1
0.8275859
-0.4612374
----
171
673
1
0.9235154
-0.60444355
----
53
24
1
0.9758722
-0.8287369
----
80
737
1
0.99530977
-1.16989
----
132
277
0
4.5387624E-4
-0.21720283
----
89
546
1
0.99929863
-1.578134
----
75
294
0
0.041689306
-0.22180331
----
226
682
0
4.2208885E-5
-0.21710655
----
97
79
1
0.99993527
-2.0945807
----
69
657
0
0.040720366
-0.22169207
----
159
546
1
0.0
NaN
----
56
719
1
0.0
NaN
----
93
21
1
0.0
NaN
----
211
773
1
0.0
NaN
----
48
748
0
NaN
NaN
----
188
94
1
0.0
NaN
----
62
461
1
0.0
NaN
----
50
6
1
0.0
NaN
----
153
0
1
0.0
NaN
----
146
265
1
0.0
NaN
157
59
0
0.0
NaN
----
145
418
1
NaN
NaN
----
198
656
0
0.0
NaN
----
204
112
1
NaN
NaN
----
73
262
0
NaN
NaN
----
222
345
1
NaN
NaN
----
129
657
1
NaN
NaN
----
181
347
0
0.0
NaN
----
183
733
1
NaN
NaN
----
46
17
0
0.0
NaN
----
197
86
0
0.0
NaN
----
101
233
0
NaN
NaN
----
59
431
1
NaN
NaN
----
36
174
1
NaN
NaN
----
152
736
1
NaN
NaN
----
234
228
1
NaN
NaN
----
136
488
1
NaN
NaN
----
193
248
1
NaN
NaN
----
82
652
0
NaN
NaN
----
50
19
1
NaN
NaN
----
158
421
0
0.0
NaN
----
24
405
1
NaN
NaN
----
149
590
0
0.0
NaN
----
35
64
0
0.0
NaN
----
182
177
0
0.0
NaN
----
227
416
1
NaN
NaN
----
58
514
0
NaN
NaN
----
75
607
1
NaN
NaN
----
197
769
0
0.0
NaN
----
75
33
1
NaN
NaN
----
19
388
0
0.0
NaN
----
21
48
0
0.0
NaN
----
201
443
0
0.0
NaN
----
129
359
1
NaN
NaN
----
156
726
0
0.0
NaN
----
77
594
1
NaN
NaN
----
179
660
0
0.0
NaN
----
38
623
0
NaN
NaN
----
63
773
1
NaN
NaN
----
182
388
1
NaN
NaN
----
213
592
1
0.8275859
-0.4612374
----
171
673
1
0.9235154
-0.60444355
----
53
24
1
0.9758722
-0.8287369
----
80
737
1
0.99530977
-1.16989
----
132
277
0
4.5387624E-4
-0.21720283
----
89
546
1
0.99929863
-1.578134
----
75
294
0
0.041689306
-0.22180331
----
226
682
0
4.2208885E-5
-0.21710655
----
97
79
1
0.99993527
-2.0945807
----
69
657
0
0.040720366
-0.22169207
----
159
546
1
0.0
NaN
----
56
719
1
0.0
NaN
----
93
21
1
0.0
NaN
----
211
773
1
0.0
NaN
----
48
748
0
NaN
NaN
----
188
94
1
0.0
NaN
----
62
461
1
0.0
NaN
----
50
6
1
0.0
NaN
----
153
0
1
0.0
NaN
----
146
265
1
0.0
NaN
229
120
0
0.0
NaN
----
78
357
0
NaN
NaN
----
41
12
1
NaN
NaN
----
167
729
1
NaN
NaN
----
236
605
0
0.0
NaN
----
151
673
1
NaN
NaN
----
125
678
1
NaN
NaN
----
222
610
0
0.0
NaN
----
177
287
0
0.0
NaN
----
93
321
1
NaN
NaN
----
157
59
0
0.0
NaN
----
145
418
1
NaN
NaN
----
198
656
0
0.0
NaN
----
204
112
1
NaN
NaN
----
73
262
0
NaN
NaN
----
222
345
1
NaN
NaN
----
129
657
1
NaN
NaN
----
181
347
0
0.0
NaN
----
183
733
1
NaN
NaN
----
46
17
0
0.0
NaN
----
197
86
0
0.0
NaN
----
101
233
0
NaN
NaN
----
59
431
1
NaN
NaN
----
36
174
1
NaN
NaN
----
152
736
1
NaN
NaN
----
234
228
1
NaN
NaN
----
136
488
1
NaN
NaN
----
193
248
1
NaN
NaN
----
82
652
0
NaN
NaN
----
50
19
1
NaN
NaN
----
158
421
0
0.0
NaN
----
24
405
1
NaN
NaN
----
149
590
0
0.0
NaN
----
35
64
0
0.0
NaN
----
182
177
0
0.0
NaN
----
227
416
1
NaN
NaN
----
58
514
0
NaN
NaN
----
75
607
1
NaN
NaN
----
197
769
0
0.0
NaN
----
75
33
1
NaN
NaN
----
19
388
0
0.0
NaN
----
21
48
0
0.0
NaN
----
201
443
0
0.0
NaN
----
129
359
1
NaN
NaN
----
156
726
0
0.0
NaN
----
77
594
1
NaN
NaN
----
179
660
0
0.0
NaN
----
38
623
0
NaN
NaN
----
63
773
1
NaN
NaN
----
182
388
1
NaN
NaN
----
213
592
1
0.8275859
-0.4612374
----
171
673
1
0.9235154
-0.60444355
----
53
24
1
0.9758722
-0.8287369
----
80
737
1
0.99530977
-1.16989
----
132
277
0
4.5387624E-4
-0.21720283
----
89
546
1
0.99929863
-1.578134
----
75
294
0
0.041689306
-0.22180331
----
226
682
0
4.2208885E-5
-0.21710655
----
97
79
1
0.99993527
-2.0945807
----
69
657
0
0.040720366
-0.22169207
----
159
546
1
0.0
NaN
----
56
719
1
0.0
NaN
----
93
21
1
0.0
NaN
----
211
773
1
0.0
NaN
----
48
748
0
NaN
NaN
----
188
94
1
0.0
NaN
----
62
461
1
0.0
NaN
----
50
6
1
0.0
NaN
----
153
0
1
0.0
NaN
----
146
265
1
0.0
NaN
209
569
1
0.99999946
-3.1352403
----
166
528
0
0.0
NaN
----
199
60
0
0.0
NaN
----
34
235
1
NaN
NaN
----
14
719
0
0.0
NaN
----
21
322
0
NaN
NaN
----
84
42
1
NaN
NaN
----
35
336
1
NaN
NaN
----
195
632
1
NaN
NaN
----
116
45
1
NaN
NaN
----
229
120
0
0.0
NaN
----
78
357
0
NaN
NaN
----
41
12
1
NaN
NaN
----
167
729
1
NaN
NaN
----
236
605
0
0.0
NaN
----
151
673
1
NaN
NaN
----
125
678
1
NaN
NaN
----
222
610
0
0.0
NaN
----
177
287
0
0.0
NaN
----
93
321
1
NaN
NaN
----
157
59
0
0.0
NaN
----
145
418
1
NaN
NaN
----
198
656
0
0.0
NaN
----
204
112
1
NaN
NaN
----
73
262
0
NaN
NaN
----
222
345
1
NaN
NaN
----
129
657
1
NaN
NaN
----
181
347
0
0.0
NaN
----
183
733
1
NaN
NaN
----
46
17
0
0.0
NaN
----
197
86
0
0.0
NaN
----
101
233
0
NaN
NaN
----
59
431
1
NaN
NaN
----
36
174
1
NaN
NaN
----
152
736
1
NaN
NaN
----
234
228
1
NaN
NaN
----
136
488
1
NaN
NaN
----
193
248
1
NaN
NaN
----
82
652
0
NaN
NaN
----
50
19
1
NaN
NaN
----
158
421
0
0.0
NaN
----
24
405
1
NaN
NaN
----
149
590
0
0.0
NaN
----
35
64
0
0.0
NaN
----
182
177
0
0.0
NaN
----
227
416
1
NaN
NaN
----
58
514
0
NaN
NaN
----
75
607
1
NaN
NaN
----
197
769
0
0.0
NaN
----
75
33
1
NaN
NaN
----
19
388
0
0.0
NaN
----
21
48
0
0.0
NaN
----
201
443
0
0.0
NaN
----
129
359
1
NaN
NaN
----
156
726
0
0.0
NaN
----
77
594
1
NaN
NaN
----
179
660
0
0.0
NaN
----
38
623
0
NaN
NaN
----
63
773
1
NaN
NaN
----
182
388
1
NaN
NaN
----
213
592
1
0.8275859
-0.4612374
----
171
673
1
0.9235154
-0.60444355
----
53
24
1
0.9758722
-0.8287369
----
80
737
1
0.99530977
-1.16989
----
132
277
0
4.5387624E-4
-0.21720283
----
89
546
1
0.99929863
-1.578134
----
75
294
0
0.041689306
-0.22180331
----
226
682
0
4.2208885E-5
-0.21710655
----
97
79
1
0.99993527
-2.0945807
----
69
657
0
0.040720366
-0.22169207
----
159
546
1
0.0
NaN
----
56
719
1
0.0
NaN
----
93
21
1
0.0
NaN
----
211
773
1
0.0
NaN
----
48
748
0
NaN
NaN
----
188
94
1
0.0
NaN
----
62
461
1
0.0
NaN
----
50
6
1
0.0
NaN
----
153
0
1
0.0
NaN
----
146
265
1
0.0
NaN
222
69
1
1.0000002
NaN
----
111
178
0
0.0
NaN
----
38
391
1
NaN
NaN
----
239
640
1
NaN
NaN
----
130
69
0
0.0
NaN
----
242
188
1
NaN
NaN
----
182
1
0
0.0
NaN
----
192
222
0
0.0
NaN
----
50
721
1
NaN
NaN
----
114
538
1
NaN
NaN
----
209
569
1
0.99999946
-3.1352403
----
166
528
0
0.0
NaN
----
199
60
0
0.0
NaN
----
34
235
1
NaN
NaN
----
14
719
0
0.0
NaN
----
21
322
0
NaN
NaN
----
84
42
1
NaN
NaN
----
35
336
1
NaN
NaN
----
195
632
1
NaN
NaN
----
116
45
1
NaN
NaN
----
229
120
0
0.0
NaN
----
78
357
0
NaN
NaN
----
41
12
1
NaN
NaN
----
167
729
1
NaN
NaN
----
236
605
0
0.0
NaN
----
151
673
1
NaN
NaN
----
125
678
1
NaN
NaN
----
222
610
0
0.0
NaN
----
177
287
0
0.0
NaN
----
93
321
1
NaN
NaN
----
157
59
0
0.0
NaN
----
145
418
1
NaN
NaN
----
198
656
0
0.0
NaN
----
204
112
1
NaN
NaN
----
73
262
0
NaN
NaN
----
222
345
1
NaN
NaN
----
129
657
1
NaN
NaN
----
181
347
0
0.0
NaN
----
183
733
1
NaN
NaN
----
46
17
0
0.0
NaN
----
197
86
0
0.0
NaN
----
101
233
0
NaN
NaN
----
59
431
1
NaN
NaN
----
36
174
1
NaN
NaN
----
152
736
1
NaN
NaN
----
234
228
1
NaN
NaN
----
136
488
1
NaN
NaN
----
193
248
1
NaN
NaN
----
82
652
0
NaN
NaN
----
50
19
1
NaN
NaN
----
158
421
0
0.0
NaN
----
24
405
1
NaN
NaN
----
149
590
0
0.0
NaN
----
35
64
0
0.0
NaN
----
182
177
0
0.0
NaN
----
227
416
1
NaN
NaN
----
58
514
0
NaN
NaN
----
75
607
1
NaN
NaN
----
197
769
0
0.0
NaN
----
75
33
1
NaN
NaN
----
19
388
0
0.0
NaN
----
21
48
0
0.0
NaN
----
201
443
0
0.0
NaN
----
129
359
1
NaN
NaN
----
156
726
0
0.0
NaN
----
77
594
1
NaN
NaN
----
179
660
0
0.0
NaN
----
38
623
0
NaN
NaN
----
63
773
1
NaN
NaN
----
182
388
1
NaN
NaN
----
213
592
1
0.8275859
-0.4612374
----
171
673
1
0.9235154
-0.60444355
----
53
24
1
0.9758722
-0.8287369
----
80
737
1
0.99530977
-1.16989
----
132
277
0
4.5387624E-4
-0.21720283
----
89
546
1
0.99929863
-1.578134
----
75
294
0
0.041689306
-0.22180331
----
226
682
0
4.2208885E-5
-0.21710655
----
97
79
1
0.99993527
-2.0945807
----
69
657
0
0.040720366
-0.22169207
----
159
546
1
0.0
NaN
----
56
719
1
0.0
NaN
----
93
21
1
0.0
NaN
----
211
773
1
0.0
NaN
----
48
748
0
NaN
NaN
----
188
94
1
0.0
NaN
----
62
461
1
0.0
NaN
----
50
6
1
0.0
NaN
----
153
0
1
0.0
NaN
----
146
265
1
0.0
NaN
